/* Organism #116 Fitness: 15.711480 Time: 0 */
genomestart 116
trait 1 0.100000 0.000000 0.000000 0.000000 0.000000 0.000000 0.000000 0.241078 
trait 2 0.200000 0.000000 0.000000 0.039182 0.000000 0.000000 0.000000 0.043869 
trait 3 0.300000 0.000000 0.000000 0.000000 0.000000 0.000000 0.000000 0.000000 
node 1 2 1 3
node 2 1 1 1
node 3 1 1 1
node 4 3 1 1
node 5 1 1 1
node 6 3 0 2
node 7 1 0 2
node 40 1 0 0
node 64 1 0 0
node 71 1 0 0
gene 1 1 6 -3.68692 0 1 -3.68692 1
gene 1 2 6 0.546373 0 2 0.546373 0
gene 1 3 6 1.30378 0 3 1.30378 1
gene 1 4 6 -3.33289 0 4 -3.33289 0
gene 1 5 6 -2.40646 0 5 -2.40646 1
gene 1 1 7 -0.870091 0 6 -0.870091 1
gene 2 2 7 2.41769 0 7 2.41769 1
gene 2 3 7 1.3498 0 8 1.3498 1
gene 1 4 7 -2.66421 0 9 -2.66421 1
gene 2 5 7 0.121459 0 10 0.121459 1
gene 1 6 7 -0.897865 0 24 -0.897865 1
gene 1 2 40 -2.89662 0 116 -2.89662 1
gene 1 40 6 -2.68569 0 117 -2.68569 1
gene 1 1 40 3.52146 0 132 3.52146 1
gene 1 2 64 0.237792 0 203 0.237792 1
gene 1 64 40 -3.02618 0 204 -3.02618 1
gene 1 4 71 2.28332 0 224 2.28332 1
gene 1 71 6 -2.60674 0 225 -2.60674 1
gene 3 2 71 0.477959 0 399 0.477959 1
gene 1 4 40 0.803317 0 481 0.803317 1
genomeend 116


