-9.999969 -9.999969 -10.000000 -10.000000
9.897760 9.897760 10.000000 10.000000
9.996169 9.996169 -10.000000 -10.000000
9.657280 9.657280 -10.000000 -10.000000
8.264235 8.264235 -10.000000 -10.000000
8.591840 8.591840 -10.000000 -10.000000
8.849753 8.849753 -10.000000 -10.000000
9.050808 9.050808 -10.000000 -10.000000
9.207686 9.207686 -10.000000 -10.000000
9.330882 9.330882 -10.000000 -10.000000
9.428035 9.428035 -10.000000 -10.000000
9.504585 9.504585 -10.000000 -10.000000
9.564585 9.564585 -10.000000 -10.000000
9.611328 9.611328 -10.000000 -10.000000
9.647593 9.647593 -10.000000 -10.000000
9.675646 9.675646 -10.000000 -10.000000
9.697341 9.697341 -10.000000 -10.000000
9.714166 9.714166 -10.000000 -10.000000
9.727245 9.727245 -10.000000 -10.000000
9.737445 9.737445 -10.000000 -10.000000
9.745397 9.745397 -10.000000 -10.000000
9.751663 9.751663 -10.000000 -10.000000
9.756596 9.756596 -10.000000 -10.000000
9.760490 9.760490 -10.000000 -10.000000
8.668357 8.668357 -10.000000 -10.000000
3.405843 3.405843 -10.000000 -10.000000
4.079074 4.079074 -9.999999 -9.999999
9.381759 9.381759 9.999997 9.999997
9.776073 9.776073 -10.000000 -10.000000
9.999098 9.999098 10.000000 10.000000
9.469240 9.469240 -10.000000 -10.000000
-7.801834 -7.801834 -10.000000 -10.000000
-9.981694 -9.981694 -9.997936 -9.997936
-8.693096 -8.693096 10.000000 10.000000
-6.884210 -6.884210 -10.000000 -10.000000
9.989793 9.989793 10.000000 10.000000
9.999975 9.999975 10.000000 10.000000
9.999973 9.999973 -10.000000 -10.000000
9.999997 9.999997 10.000000 10.000000
9.999998 9.999998 10.000000 10.000000
9.999074 9.999074 -10.000000 -10.000000
-2.658164 -2.658164 -10.000000 -10.000000
-8.046561 -8.046561 -10.000000 -10.000000
-7.104740 -7.104740 -10.000000 -10.000000
2.084325 2.084325 10.000000 10.000000
8.135152 8.135152 -10.000000 -10.000000
9.988008 9.988008 9.993441 9.993441
9.999974 9.999974 -10.000000 -10.000000
9.999989 9.999989 9.993047 9.993047
9.999978 9.999978 -10.000000 -10.000000
9.999990 9.999990 10.000000 10.000000
9.999992 9.999992 10.000000 10.000000
9.998501 9.998501 -10.000000 -10.000000
9.999914 9.999914 10.000000 10.000000
9.996783 9.996783 -10.000000 -10.000000
7.917892 7.917892 -10.000000 -10.000000
-9.855766 -9.855766 -10.000000 -10.000000
-9.869632 -9.869632 -10.000000 -10.000000
-9.832105 -9.832105 -10.000000 -10.000000
-9.344266 -9.344266 -10.000000 -10.000000
8.308384 8.308384 -10.000000 -10.000000
9.999941 9.999941 -10.000000 -10.000000
9.999999 9.999999 -10.000000 -10.000000
9.999999 9.999999 -10.000000 -10.000000
9.999999 9.999999 -10.000000 -10.000000
9.999999 9.999999 -10.000000 -10.000000
9.999999 9.999999 -10.000000 -10.000000
9.999999 9.999999 -10.000000 -10.000000
9.999997 9.999997 -10.000000 -10.000000
10.000000 10.000000 10.000000 10.000000
9.999135 9.999135 -10.000000 -10.000000
9.398833 9.398833 -10.000000 -10.000000
-9.564025 -9.564025 -10.000000 -10.000000
-9.597803 -9.597803 -10.000000 -10.000000
-9.067780 -9.067780 -10.000000 -10.000000
7.778536 7.778536 -10.000000 -10.000000
9.999931 9.999931 -10.000000 -10.000000
9.999997 9.999997 -10.000000 -10.000000
9.999999 9.999999 -10.000000 -10.000000
9.999999 9.999999 -10.000000 -10.000000
9.999999 9.999999 -10.000000 -10.000000
9.999999 9.999999 -10.000000 -10.000000
9.999999 9.999999 -10.000000 -10.000000
9.999994 9.999994 -10.000000 -10.000000
9.999922 9.999922 -10.000000 -10.000000
9.993219 9.993219 -10.000000 -10.000000
7.632176 7.632176 -10.000000 -10.000000
2.802680 2.802680 -10.000000 -10.000000
-4.973893 -4.973893 -10.000000 -10.000000
2.758545 2.758545 -9.708694 -9.708694
9.732676 9.732676 10.000000 10.000000
9.950231 9.950231 -10.000000 -10.000000
9.999946 9.999946 10.000000 10.000000
9.996614 9.996614 -10.000000 -10.000000
8.910549 8.910549 -10.000000 -10.000000
-9.434699 -9.434699 -10.000000 -10.000000
-9.402784 -9.402784 -10.000000 -10.000000
-8.602352 -8.602352 -10.000000 -10.000000
7.491088 7.491088 -10.000000 -10.000000
9.999866 9.999866 -10.000000 -10.000000
9.999997 9.999997 -10.000000 -10.000000
9.999999 9.999999 -10.000000 -10.000000
9.999998 9.999998 -10.000000 -10.000000
9.999948 9.999948 -10.000000 -10.000000
9.996953 9.996953 -10.000000 -10.000000
9.963588 9.963588 -10.000000 -10.000000
7.983394 7.983394 -10.000000 -10.000000
6.302067 6.302067 -10.000000 -10.000000
-0.196946 -0.196946 -10.000000 -10.000000
5.074107 5.074107 -7.665750 -7.665750
9.856738 9.856738 10.000000 10.000000
9.910412 9.910412 -10.000000 -10.000000
9.999922 9.999922 10.000000 10.000000
9.987203 9.987203 -10.000000 -10.000000
6.536140 6.536140 -10.000000 -10.000000
-9.594069 -9.594069 -10.000000 -10.000000
-9.201332 -9.201332 -10.000000 -10.000000
-5.014110 -5.014110 -10.000000 -10.000000
9.857810 9.857810 -10.000000 -10.000000
9.999944 9.999944 -10.000000 -10.000000
9.999998 9.999998 -10.000000 -10.000000
9.999999 9.999999 -10.000000 -10.000000
9.999999 9.999999 -10.000000 -10.000000
10.000000 10.000000 -10.000000 -10.000000
10.000000 10.000000 -10.000000 -10.000000
10.000000 10.000000 -10.000000 -10.000000
9.999999 9.999999 -10.000000 -10.000000
9.999998 9.999998 -10.000000 -10.000000
9.999984 9.999984 -10.000000 -10.000000
9.998323 9.998323 -10.000000 -10.000000
6.611526 6.611526 -10.000000 -10.000000
-0.797373 -0.797373 -10.000000 -10.000000
-7.760881 -7.760881 -10.000000 -10.000000
-2.973098 -2.973098 4.320580 4.320580
-2.557599 -2.557599 -10.000000 -10.000000
9.973169 9.973169 -10.000000 -10.000000
9.999788 9.999788 10.000000 10.000000
9.999977 9.999977 -10.000000 -10.000000
9.999983 9.999983 6.887862 6.887862
9.999988 9.999988 9.980622 9.980622
9.999857 9.999857 -10.000000 -10.000000
9.999039 9.999039 10.000000 10.000000
8.683046 8.683046 -10.000000 -10.000000
-9.611122 -9.611122 -10.000000 -10.000000
-9.999253 -9.999253 -10.000000 -10.000000
-9.998899 -9.998899 -10.000000 -10.000000
-9.993062 -9.993062 -9.999998 -9.999998
-7.809165 -7.809165 10.000000 10.000000
7.040732 7.040732 -10.000000 -10.000000
9.997632 9.997632 10.000000 10.000000
9.999899 9.999899 9.999956 9.999956
9.999008 9.999008 -10.000000 -10.000000
9.999578 9.999578 10.000000 10.000000
9.652166 9.652166 -10.000000 -10.000000
-8.278123 -8.278123 -10.000000 -10.000000
-9.976981 -9.976981 -10.000000 -10.000000
-9.846637 -9.846637 9.999922 9.999922
-9.940970 -9.940970 -10.000000 -10.000000
9.817381 9.817381 -10.000000 -10.000000
9.999428 9.999428 9.939260 9.939260
9.999625 9.999625 -9.999999 -9.999999
9.999911 9.999911 10.000000 10.000000
9.999953 9.999953 10.000000 10.000000
9.999965 9.999965 -9.999841 -9.999841
9.999997 9.999997 10.000000 10.000000
9.999999 9.999999 10.000000 10.000000
9.999996 9.999996 -10.000000 -10.000000
9.999998 9.999998 10.000000 10.000000
9.988214 9.988214 -10.000000 -10.000000
5.489864 5.489864 -10.000000 -10.000000
-5.402865 -5.402865 -10.000000 -10.000000
0.957266 0.957266 -9.653553 -9.653553
9.676135 9.676135 10.000000 10.000000
9.989904 9.989904 -10.000000 -10.000000
9.894408 9.894408 -10.000000 -10.000000
9.648987 9.648987 -10.000000 -10.000000
9.722064 9.722064 -10.000000 -10.000000
9.674910 9.674910 -10.000000 -10.000000
9.655581 9.655581 -10.000000 -10.000000
9.677786 9.677786 -10.000000 -10.000000
9.663280 9.663280 -10.000000 -10.000000
9.422976 9.422976 0.718940 0.718940
9.954566 9.954566 -9.999999 -9.999999
9.399409 9.399409 -10.000000 -10.000000
1.436991 1.436991 -10.000000 -10.000000
-2.713012 -2.713012 -10.000000 -10.000000
-0.318650 -0.318650 -9.998786 -9.998786
9.233174 9.233174 -7.206492 -7.206492
9.736677 9.736677 -10.000000 -10.000000
9.281186 9.281186 5.751194 5.751194
9.672992 9.672992 -10.000000 -10.000000
