-10.000000 -9.999969
10.000000 9.897760
-10.000000 9.996169
-10.000000 9.657280
-10.000000 8.264235
-10.000000 8.591840
-10.000000 8.849753
-10.000000 9.050808
-10.000000 9.207686
-10.000000 9.330882
-10.000000 9.428035
-10.000000 9.504585
-10.000000 9.564585
-10.000000 9.611328
-10.000000 9.647593
-10.000000 9.675646
-10.000000 9.697341
-10.000000 9.714166
-10.000000 9.727245
-10.000000 9.737445
-10.000000 9.745397
-10.000000 9.751663
-10.000000 9.756596
-10.000000 9.760490
-10.000000 8.668357
-10.000000 3.405843
-9.999999 4.079074
9.999997 9.381759
-10.000000 9.776073
10.000000 9.999098
-10.000000 9.469240
-10.000000 -7.801834
-9.997936 -9.981694
10.000000 -8.693096
-10.000000 -6.884210
10.000000 9.989793
10.000000 9.999975
-10.000000 9.999973
10.000000 9.999997
10.000000 9.999998
-10.000000 9.999074
-10.000000 -2.658164
-10.000000 -8.046561
-10.000000 -7.104740
10.000000 2.084325
-10.000000 8.135152
9.993441 9.988008
-10.000000 9.999974
9.993047 9.999989
-10.000000 9.999978
10.000000 9.999990
10.000000 9.999992
-10.000000 9.998501
10.000000 9.999914
-10.000000 9.996783
-10.000000 7.917892
-10.000000 -9.855766
-10.000000 -9.869632
-10.000000 -9.832105
-10.000000 -9.344266
-10.000000 8.308384
-10.000000 9.999941
-10.000000 9.999999
-10.000000 9.999999
-10.000000 9.999999
-10.000000 9.999999
-10.000000 9.999999
-10.000000 9.999999
-10.000000 9.999997
10.000000 10.000000
-10.000000 9.999135
-10.000000 9.398833
-10.000000 -9.564025
-10.000000 -9.597803
-10.000000 -9.067780
-10.000000 7.778536
-10.000000 9.999931
-10.000000 9.999997
-10.000000 9.999999
-10.000000 9.999999
-10.000000 9.999999
-10.000000 9.999999
-10.000000 9.999999
-10.000000 9.999994
-10.000000 9.999922
-10.000000 9.993219
-10.000000 7.632176
-10.000000 2.802680
-10.000000 -4.973893
-9.708694 2.758545
10.000000 9.732676
-10.000000 9.950231
10.000000 9.999946
-10.000000 9.996614
-10.000000 8.910549
-10.000000 -9.434699
-10.000000 -9.402784
-10.000000 -8.602352
-10.000000 7.491088
-10.000000 9.999866
-10.000000 9.999997
-10.000000 9.999999
-10.000000 9.999998
-10.000000 9.999948
-10.000000 9.996953
-10.000000 9.963588
-10.000000 7.983394
-10.000000 6.302067
-10.000000 -0.196946
-7.665750 5.074107
10.000000 9.856738
-10.000000 9.910412
10.000000 9.999922
-10.000000 9.987203
-10.000000 6.536140
-10.000000 -9.594069
-10.000000 -9.201332
-10.000000 -5.014110
-10.000000 9.857810
-10.000000 9.999944
-10.000000 9.999998
-10.000000 9.999999
-10.000000 9.999999
-10.000000 10.000000
-10.000000 10.000000
-10.000000 10.000000
-10.000000 9.999999
-10.000000 9.999998
-10.000000 9.999984
-10.000000 9.998323
-10.000000 6.611526
-10.000000 -0.797373
-10.000000 -7.760881
4.320580 -2.973098
-10.000000 -2.557599
-10.000000 9.973169
10.000000 9.999788
-10.000000 9.999977
6.887862 9.999983
9.980622 9.999988
-10.000000 9.999857
10.000000 9.999039
-10.000000 8.683046
-10.000000 -9.611122
-10.000000 -9.999253
-10.000000 -9.998899
-9.999998 -9.993062
10.000000 -7.809165
-10.000000 7.040732
10.000000 9.997632
9.999956 9.999899
-10.000000 9.999008
10.000000 9.999578
-10.000000 9.652166
-10.000000 -8.278123
-10.000000 -9.976981
9.999922 -9.846637
-10.000000 -9.940970
-10.000000 9.817381
9.939260 9.999428
-9.999999 9.999625
10.000000 9.999911
10.000000 9.999953
-9.999841 9.999965
10.000000 9.999997
10.000000 9.999999
-10.000000 9.999996
10.000000 9.999998
-10.000000 9.988214
-10.000000 5.489864
-10.000000 -5.402865
-9.653553 0.957266
10.000000 9.676135
-10.000000 9.989904
-10.000000 9.894408
-10.000000 9.648987
-10.000000 9.722064
-10.000000 9.674910
-10.000000 9.655581
-10.000000 9.677786
-10.000000 9.663280
0.718940 9.422976
-9.999999 9.954566
-10.000000 9.399409
-10.000000 1.436991
-10.000000 -2.713012
-9.998786 -0.318650
-7.206492 9.233174
-10.000000 9.736677
5.751194 9.281186
-10.000000 9.672992
