-10 -3.43265
-10 9.99965
-10 10
-10 -9.9909
-10 9.99994
-10 10
-10 10
-10 -9.58548
-10 10
-10 10
-10 10
-10 9.99985
-10 9.99911
-10 10
-10 9.99971
-10 9.33049
-10 10
-10 9.99809
-10 9.99999
-10 10
-10 10
-10 8.86106
-10 10
-10 9.99824
-10 9.99884
-10 9.99921
-10 9.9992
-10 9.99862
-10 9.99919
-10 9.99917
-10 9.99889
-10 9.99918
-10 9.99919
-10 9.99857
-10 9.99918
-10 9.99775
-10 9.99854
-10 9.99915
-10 9.99915
-10 9.99884
-10 9.99914
-10 9.99915
-10 9.99846
-10 9.99915
-10 9.99912
-10 9.99847
-10 9.99912
-10 9.99744
-10 9.99872
-10 9.99911
-10 9.99911
-10 9.99872
-10 9.99776
-10 9.9991
-10 9.99822
-10 9.99789
-10 9.99908
